CD	ID	FD	WD	ED
18	30	10	0	8
21	10	3	0	18
22	20	10	0	12
27	40	13	0	14
34	50	17	0	17
34	60	26	0	8
38	70	30	0	8
44	120	40	0	4
48	90	35	0	13
53	80	35	0	18
54	100	40	0	14
60	140	47	0	13
67	130	40	23	4
71	110	40	8	23
82	180	71	0	11
85	190	71	0	14
85	170	65	2	18
91	200	80	0	11
102	150	52	0	50
108	160	60	4	44
....................................................................................................

....................................................................................................
Missions 20 [P :11, E:9]
Rovers 6 [P :3, E:3]
Avg Wait=9, Avg Exec=35